0.000000    [1.000000    0.628319]    [0.000000    0.000000    0.000000]
0.100000    [1.000000    0.628319]    [0.000000    1.500000    1.256637]
0.200000    [1.000000    0.628319]    [0.000000    1.500000    1.256637]
0.300000    [1.000000    0.628319]    [0.000000    1.500000    1.256637]
0.400000    [1.000000    0.628319]    [0.000000    1.500000    1.256637]
0.500000    [1.000000    0.628319]    [0.000000    1.500000    1.256637]
0.600000    [1.000000    0.628319]    [0.000000    1.500000    1.256637]
0.700000    [1.000000    0.628319]    [0.000000    1.500000    1.256637]
0.800000    [1.000000    0.628319]    [0.000000    1.500000    1.256637]
0.900000    [1.000000    0.628319]    [0.000000    1.500000    1.256637]
1.000000    [1.000000    0.628319]    [0.000000    1.500000    1.256637]
1.100000    [1.000000    0.628319]    [0.000000    1.500000    1.256637]
1.200000    [1.000000    0.628319]    [0.000000    1.500000    1.256637]
1.300000    [1.000000    0.628319]    [0.000000    1.500000    1.256637]
1.400000    [1.000000    0.628319]    [0.000000    1.500000    1.256637]
1.500000    [1.000000    0.628319]    [0.000000    1.500000    1.256637]
1.600000    [1.000000    0.628319]    [0.000000    1.500000    1.256637]
1.700000    [1.000000    0.628319]    [0.000000    1.500000    1.256637]
1.800000    [1.000000    0.628319]    [0.000000    1.500000    1.256637]
1.900000    [1.000000    0.628319]    [0.000000    1.500000    1.256637]
2.000000    [1.000000    0.628319]    [0.000000    1.500000    1.256637]
2.100000    [1.000000    0.628319]    [0.000000    1.500000    1.256637]
2.200000    [1.000000    0.628319]    [0.000000    1.500000    1.256637]
2.300000    [1.000000    0.628319]    [0.000000    1.500000    1.256637]
2.400000    [1.000000    0.628319]    [0.000000    1.500000    1.256637]
2.500000    [1.000000    0.628319]    [0.000000    1.500000    1.256637]
2.600000    [1.000000    0.628319]    [0.000000    1.500000    1.256637]
2.700000    [1.000000    0.628319]    [0.000000    1.500000    1.256637]
2.800000    [1.000000    0.628319]    [0.000000    1.500000    1.256637]
2.900000    [1.000000    0.628319]    [0.000000    1.500000    1.256637]
3.000000    [1.000000    0.628319]    [0.000000    1.500000    1.256637]
3.100000    [1.000000    0.628319]    [0.000000    1.500000    1.256637]
3.200000    [1.000000    0.628319]    [0.000000    1.500000    1.256637]
3.300000    [1.000000    0.628319]    [0.000000    1.500000    1.256637]
3.400000    [1.000000    0.628319]    [0.000000    1.500000    1.256637]
3.500000    [1.000000    0.628319]    [0.000000    1.500000    1.256637]
3.600000    [1.000000    0.628319]    [0.000000    1.500000    1.256637]
3.700000    [1.000000    0.628319]    [0.000000    1.500000    1.256637]
3.800000    [1.000000    0.628319]    [0.000000    1.500000    1.256637]
3.900000    [1.000000    0.628319]    [0.000000    1.500000    1.256637]
4.000000    [1.000000    0.628319]    [0.000000    1.500000    1.256637]
4.100000    [1.000000    0.628319]    [0.000000    1.500000    1.256637]
4.200000    [1.000000    0.628319]    [0.000000    1.500000    1.256637]
4.300000    [1.000000    0.628319]    [0.000000    1.500000    1.256637]
4.400000    [1.000000    0.628319]    [0.000000    1.500000    1.256637]
4.500000    [1.000000    0.628319]    [0.000000    1.500000    1.256637]
4.600000    [1.000000    0.628319]    [0.000000    1.500000    1.256637]
4.700000    [1.000000    0.628319]    [0.000000    1.500000    1.256637]
4.800000    [1.000000    0.628319]    [0.000000    1.500000    1.256637]
4.900000    [1.000000    0.628319]    [0.000000    1.500000    1.256637]
5.000000    [1.000000    0.628319]    [0.000000    1.500000    1.256637]
5.100000    [1.000000    0.628319]    [0.000000    1.500000    1.256637]
5.200000    [1.000000    0.628319]    [0.000000    1.500000    1.256637]
5.300000    [1.000000    0.628319]    [0.000000    1.500000    1.256637]
5.400000    [1.000000    0.628319]    [0.000000    1.500000    1.256637]
5.500000    [1.000000    0.628319]    [0.000000    1.500000    1.256637]
5.600000    [1.000000    0.628319]    [0.000000    1.500000    1.256637]
5.700000    [1.000000    0.628319]    [0.000000    1.500000    1.256637]
5.800000    [1.000000    0.628319]    [0.000000    1.500000    1.256637]
5.900000    [1.000000    0.628319]    [0.000000    1.500000    1.256637]
6.000000    [1.000000    0.628319]    [0.000000    1.500000    1.256637]
6.100000    [1.000000    0.628319]    [0.000000    1.500000    1.256637]
6.200000    [1.000000    0.628319]    [0.000000    1.500000    1.256637]
6.300000    [1.000000    0.628319]    [0.000000    1.500000    1.256637]
6.400000    [1.000000    0.628319]    [0.000000    1.500000    1.256637]
6.500000    [1.000000    0.628319]    [0.000000    1.500000    1.256637]
6.600000    [1.000000    0.628319]    [0.000000    1.500000    1.256637]
6.700000    [1.000000    0.628319]    [0.000000    1.500000    1.256637]
6.800000    [1.000000    0.628319]    [0.000000    1.500000    1.256637]
6.900000    [1.000000    0.628319]    [0.000000    1.500000    1.256637]
7.000000    [1.000000    0.628319]    [0.000000    1.500000    1.256637]
7.100000    [1.000000    0.628319]    [0.000000    1.500000    1.256637]
7.200000    [1.000000    0.628319]    [0.000000    1.500000    1.256637]
7.300000    [1.000000    0.628319]    [0.000000    1.500000    1.256637]
7.400000    [1.000000    0.628319]    [0.000000    1.500000    1.256637]
7.500000    [1.000000    0.628319]    [0.000000    1.500000    1.256637]
7.600000    [1.000000    0.628319]    [0.000000    1.500000    1.256637]
7.700000    [1.000000    0.628319]    [0.000000    1.500000    1.256637]
7.800000    [1.000000    0.628319]    [0.000000    1.500000    1.256637]
7.900000    [1.000000    0.628319]    [0.000000    1.500000    1.256637]
8.000000    [1.000000    0.628319]    [0.000000    1.500000    1.256637]
8.100000    [1.000000    0.628319]    [0.000000    1.500000    1.256637]
8.200000    [1.000000    0.628319]    [0.000000    1.500000    1.256637]
8.300000    [1.000000    0.628319]    [0.000000    1.500000    1.256637]
8.400000    [1.000000    0.628319]    [0.000000    1.500000    1.256637]
8.500000    [1.000000    0.628319]    [0.000000    1.500000    1.256637]
8.600000    [1.000000    0.628319]    [0.000000    1.500000    1.256637]
8.700000    [1.000000    0.628319]    [0.000000    1.500000    1.256637]
8.800000    [1.000000    0.628319]    [0.000000    1.500000    1.256637]
8.900000    [1.000000    0.628319]    [0.000000    1.500000    1.256637]
9.000000    [1.000000    0.628319]    [0.000000    1.500000    1.256637]
9.100000    [1.000000    0.628319]    [0.000000    1.500000    1.256637]
9.200000    [1.000000    0.628319]    [0.000000    1.500000    1.256637]
9.300000    [1.000000    0.628319]    [0.000000    1.500000    1.256637]
9.400000    [1.000000    0.628319]    [0.000000    1.500000    1.256637]
9.500000    [1.000000    0.628319]    [0.000000    1.500000    1.256637]
9.600000    [1.000000    0.628319]    [0.000000    1.500000    1.256637]
9.700000    [1.000000    0.628319]    [0.000000    1.500000    1.256637]
9.800000    [1.000000    0.628319]    [0.000000    1.500000    1.256637]
9.900000    [1.000000    0.628319]    [0.000000    1.500000    1.256637]
10.000000    [1.000000    0.628319]    [0.000000    1.500000    1.256637]
10.100000    [1.000000    -0.628319]    [0.000000    1.500000    1.256637]
10.200000    [1.000000    -0.628319]    [0.000000    1.500000    -1.256637]
10.300000    [1.000000    -0.628319]    [0.000000    1.500000    -1.256637]
10.400000    [1.000000    -0.628319]    [0.000000    1.500000    -1.256637]
10.500000    [1.000000    -0.628319]    [0.000000    1.500000    -1.256637]
10.600000    [1.000000    -0.628319]    [0.000000    1.500000    -1.256637]
10.700000    [1.000000    -0.628319]    [0.000000    1.500000    -1.256637]
10.800000    [1.000000    -0.628319]    [0.000000    1.500000    -1.256637]
10.900000    [1.000000    -0.628319]    [0.000000    1.500000    -1.256637]
11.000000    [1.000000    -0.628319]    [0.000000    1.500000    -1.256637]
11.100000    [1.000000    -0.628319]    [0.000000    1.500000    -1.256637]
11.200000    [1.000000    -0.628319]    [0.000000    1.500000    -1.256637]
11.300000    [1.000000    -0.628319]    [0.000000    1.500000    -1.256637]
11.400000    [1.000000    -0.628319]    [0.000000    1.500000    -1.256637]
11.500000    [1.000000    -0.628319]    [0.000000    1.500000    -1.256637]
11.600000    [1.000000    -0.628319]    [0.000000    1.500000    -1.256637]
11.700000    [1.000000    -0.628319]    [0.000000    1.500000    -1.256637]
11.800000    [1.000000    -0.628319]    [0.000000    1.500000    -1.256637]
11.900000    [1.000000    -0.628319]    [0.000000    1.500000    -1.256637]
12.000000    [1.000000    -0.628319]    [0.000000    1.500000    -1.256637]
12.100000    [1.000000    -0.628319]    [0.000000    1.500000    -1.256637]
12.200000    [1.000000    -0.628319]    [0.000000    1.500000    -1.256637]
12.300000    [1.000000    -0.628319]    [0.000000    1.500000    -1.256637]
12.400000    [1.000000    -0.628319]    [0.000000    1.500000    -1.256637]
12.500000    [1.000000    -0.628319]    [0.000000    1.500000    -1.256637]
12.600000    [1.000000    -0.628319]    [0.000000    1.500000    -1.256637]
12.700000    [1.000000    -0.628319]    [0.000000    1.500000    -1.256637]
12.800000    [1.000000    -0.628319]    [0.000000    1.500000    -1.256637]
12.900000    [1.000000    -0.628319]    [0.000000    1.500000    -1.256637]
13.000000    [1.000000    -0.628319]    [0.000000    1.500000    -1.256637]
13.100000    [1.000000    -0.628319]    [0.000000    1.500000    -1.256637]
13.200000    [1.000000    -0.628319]    [0.000000    1.500000    -1.256637]
13.300000    [1.000000    -0.628319]    [0.000000    1.500000    -1.256637]
13.400000    [1.000000    -0.628319]    [0.000000    1.500000    -1.256637]
13.500000    [1.000000    -0.628319]    [0.000000    1.500000    -1.256637]
13.600000    [1.000000    -0.628319]    [0.000000    1.500000    -1.256637]
13.700000    [1.000000    -0.628319]    [0.000000    1.500000    -1.256637]
13.800000    [1.000000    -0.628319]    [0.000000    1.500000    -1.256637]
13.900000    [1.000000    -0.628319]    [0.000000    1.500000    -1.256637]
14.000000    [1.000000    -0.628319]    [0.000000    1.500000    -1.256637]
14.100000    [1.000000    -0.628319]    [0.000000    1.500000    -1.256637]
14.200000    [1.000000    -0.628319]    [0.000000    1.500000    -1.256637]
14.300000    [1.000000    -0.628319]    [0.000000    1.500000    -1.256637]
14.400000    [1.000000    -0.628319]    [0.000000    1.500000    -1.256637]
14.500000    [1.000000    -0.628319]    [0.000000    1.500000    -1.256637]
14.600000    [1.000000    -0.628319]    [0.000000    1.500000    -1.256637]
14.700000    [1.000000    -0.628319]    [0.000000    1.500000    -1.256637]
14.800000    [1.000000    -0.628319]    [0.000000    1.500000    -1.256637]
14.900000    [1.000000    -0.628319]    [0.000000    1.500000    -1.256637]
15.000000    [1.000000    -0.628319]    [0.000000    1.500000    -1.256637]
15.100000    [1.000000    -0.628319]    [0.000000    1.500000    -1.256637]
15.200000    [1.000000    -0.628319]    [0.000000    1.500000    -1.256637]
15.300000    [1.000000    -0.628319]    [0.000000    1.500000    -1.256637]
15.400000    [1.000000    -0.628319]    [0.000000    1.500000    -1.256637]
15.500000    [1.000000    -0.628319]    [0.000000    1.500000    -1.256637]
15.600000    [1.000000    -0.628319]    [0.000000    1.500000    -1.256637]
15.700000    [1.000000    -0.628319]    [0.000000    1.500000    -1.256637]
15.800000    [1.000000    -0.628319]    [0.000000    1.500000    -1.256637]
15.900000    [1.000000    -0.628319]    [0.000000    1.500000    -1.256637]
16.000000    [1.000000    -0.628319]    [0.000000    1.500000    -1.256637]
16.100000    [1.000000    -0.628319]    [0.000000    1.500000    -1.256637]
16.200000    [1.000000    -0.628319]    [0.000000    1.500000    -1.256637]
16.300000    [1.000000    -0.628319]    [0.000000    1.500000    -1.256637]
16.400000    [1.000000    -0.628319]    [0.000000    1.500000    -1.256637]
16.500000    [1.000000    -0.628319]    [0.000000    1.500000    -1.256637]
16.600000    [1.000000    -0.628319]    [0.000000    1.500000    -1.256637]
16.700000    [1.000000    -0.628319]    [0.000000    1.500000    -1.256637]
16.800000    [1.000000    -0.628319]    [0.000000    1.500000    -1.256637]
16.900000    [1.000000    -0.628319]    [0.000000    1.500000    -1.256637]
17.000000    [1.000000    -0.628319]    [0.000000    1.500000    -1.256637]
17.100000    [1.000000    -0.628319]    [0.000000    1.500000    -1.256637]
17.200000    [1.000000    -0.628319]    [0.000000    1.500000    -1.256637]
17.300000    [1.000000    -0.628319]    [0.000000    1.500000    -1.256637]
17.400000    [1.000000    -0.628319]    [0.000000    1.500000    -1.256637]
17.500000    [1.000000    -0.628319]    [0.000000    1.500000    -1.256637]
17.600000    [1.000000    -0.628319]    [0.000000    1.500000    -1.256637]
17.700000    [1.000000    -0.628319]    [0.000000    1.500000    -1.256637]
17.800000    [1.000000    -0.628319]    [0.000000    1.500000    -1.256637]
17.900000    [1.000000    -0.628319]    [0.000000    1.500000    -1.256637]
18.000000    [1.000000    -0.628319]    [0.000000    1.500000    -1.256637]
18.100000    [1.000000    -0.628319]    [0.000000    1.500000    -1.256637]
18.200000    [1.000000    -0.628319]    [0.000000    1.500000    -1.256637]
18.300000    [1.000000    -0.628319]    [0.000000    1.500000    -1.256637]
18.400000    [1.000000    -0.628319]    [0.000000    1.500000    -1.256637]
18.500000    [1.000000    -0.628319]    [0.000000    1.500000    -1.256637]
18.600000    [1.000000    -0.628319]    [0.000000    1.500000    -1.256637]
18.700000    [1.000000    -0.628319]    [0.000000    1.500000    -1.256637]
18.800000    [1.000000    -0.628319]    [0.000000    1.500000    -1.256637]
18.900000    [1.000000    -0.628319]    [0.000000    1.500000    -1.256637]
19.000000    [1.000000    -0.628319]    [0.000000    1.500000    -1.256637]
19.100000    [1.000000    -0.628319]    [0.000000    1.500000    -1.256637]
19.200000    [1.000000    -0.628319]    [0.000000    1.500000    -1.256637]
19.300000    [1.000000    -0.628319]    [0.000000    1.500000    -1.256637]
19.400000    [1.000000    -0.628319]    [0.000000    1.500000    -1.256637]
19.500000    [1.000000    -0.628319]    [0.000000    1.500000    -1.256637]
19.600000    [1.000000    -0.628319]    [0.000000    1.500000    -1.256637]
19.700000    [1.000000    -0.628319]    [0.000000    1.500000    -1.256637]
19.800000    [1.000000    -0.628319]    [0.000000    1.500000    -1.256637]
19.900000    [1.000000    -0.628319]    [0.000000    1.500000    -1.256637]
