0.400000    [1.000000    0.628319]    [1.031524    -0.926638    0.000000]
0.400000    [1.000000    0.628319]    [1.031524    -0.926638    0.000000]
0.400000    [1.000000    0.628319]    [1.031524    -0.926638    0.000000]
0.400000    [1.000000    0.628319]    [1.031524    -0.926638    0.000000]
0.400000    [1.000000    0.628319]    [1.031524    -0.926638    0.000000]
2.500000    [1.000000    0.628319]    [1.031524    -0.926638    0.000000]
2.500000    [1.000000    0.628319]    [1.031524    -0.926638    0.000000]
2.500000    [1.000000    0.628319]    [1.031524    -0.926638    0.000000]
2.500000    [1.000000    0.628319]    [1.031524    -0.926638    0.000000]
2.500000    [1.000000    0.628319]    [1.031524    -0.926638    0.000000]
2.500000    [1.000000    0.628319]    [1.031524    -0.926638    0.000000]
2.500000    [1.000000    0.628319]    [1.031524    -0.926638    0.000000]
2.500000    [1.000000    0.628319]    [1.031524    -0.926638    0.000000]
2.500000    [1.000000    0.628319]    [1.031524    -0.926638    0.000000]
2.500000    [1.000000    0.628319]    [1.031524    -0.926638    0.000000]
2.500000    [1.000000    0.628319]    [1.031524    -0.926638    0.000000]
2.500000    [1.000000    0.628319]    [1.031524    -0.926638    0.000000]
2.500000    [1.000000    0.628319]    [1.031524    -0.926638    0.000000]
2.500000    [1.000000    0.628319]    [1.031524    -0.926638    0.000000]
2.500000    [1.000000    0.628319]    [1.031524    -0.926638    0.000000]
2.500000    [1.000000    0.628319]    [1.031524    -0.926638    0.000000]
2.500000    [1.000000    0.628319]    [1.031524    -0.926638    0.000000]
2.500000    [1.000000    0.628319]    [1.031524    -0.926638    0.000000]
2.500000    [1.000000    0.628319]    [1.031524    -0.926638    0.000000]
2.500000    [1.000000    0.628319]    [1.031524    -0.926638    0.000000]
2.500000    [1.000000    0.628319]    [1.031524    -0.926638    0.000000]
2.900000    [1.000000    0.628319]    [0.850577    -0.791175    0.000000]
2.900000    [1.000000    0.628319]    [0.850577    -0.791175    0.000000]
2.900000    [1.000000    0.628319]    [0.850577    -0.791175    0.000000]
2.900000    [1.000000    0.628319]    [0.850577    -0.791175    0.000000]
3.000000    [1.000000    0.628319]    [1.300000    -1.093912    0.000000]
3.100000    [1.000000    0.628319]    [0.702393    -0.668714    0.000000]
3.300000    [1.000000    0.628319]    [0.850577    -0.791175    0.000000]
3.300000    [1.000000    0.628319]    [0.850577    -0.791175    0.000000]
3.400000    [1.000000    0.628319]    [1.300000    -1.093912    0.000000]
3.800000    [1.000000    0.628319]    [1.031524    -0.926638    0.000000]
3.800000    [1.000000    0.628319]    [1.031524    -0.926638    0.000000]
3.800000    [1.000000    0.628319]    [1.031524    -0.926638    0.000000]
3.800000    [1.000000    0.628319]    [1.031524    -0.926638    0.000000]
4.600000    [1.000000    0.628319]    [0.850577    -0.791175    0.000000]
4.600000    [1.000000    0.628319]    [0.850577    -0.791175    0.000000]
4.600000    [1.000000    0.628319]    [0.850577    -0.791175    0.000000]
4.600000    [1.000000    0.628319]    [0.850577    -0.791175    0.000000]
4.600000    [1.000000    0.628319]    [0.850577    -0.791175    0.000000]
4.600000    [1.000000    0.628319]    [0.850577    -0.791175    0.000000]
4.600000    [1.000000    0.628319]    [0.850577    -0.791175    0.000000]
4.600000    [1.000000    0.628319]    [0.850577    -0.791175    0.000000]
4.800000    [1.000000    0.628319]    [0.702393    -0.668714    0.000000]
4.800000    [1.000000    0.628319]    [0.702393    -0.668714    0.000000]
5.200000    [1.000000    0.628319]    [0.850577    -0.791175    0.000000]
5.200000    [1.000000    0.628319]    [0.850577    -0.791175    0.000000]
5.200000    [1.000000    0.628319]    [0.850577    -0.791175    0.000000]
5.200000    [1.000000    0.628319]    [0.850577    -0.791175    0.000000]
5.400000    [1.000000    0.628319]    [0.702393    -0.668714    0.000000]
5.400000    [1.000000    0.628319]    [0.702393    -0.668714    0.000000]
5.800000    [1.000000    0.628319]    [0.850577    -0.791175    0.000000]
5.800000    [1.000000    0.628319]    [0.850577    -0.791175    0.000000]
5.800000    [1.000000    0.628319]    [0.850577    -0.791175    0.000000]
5.800000    [1.000000    0.628319]    [0.850577    -0.791175    0.000000]
6.000000    [1.000000    0.628319]    [0.702393    -0.668714    0.000000]
6.000000    [1.000000    0.628319]    [0.702393    -0.668714    0.000000]
6.200000    [1.000000    0.628319]    [0.702393    -0.668714    0.000000]
6.200000    [1.000000    0.628319]    [0.702393    -0.668714    0.000000]
6.600000    [1.000000    0.628319]    [0.850577    -0.791175    0.000000]
6.600000    [1.000000    0.628319]    [0.850577    -0.791175    0.000000]
6.600000    [1.000000    0.628319]    [0.850577    -0.791175    0.000000]
6.600000    [1.000000    0.628319]    [0.850577    -0.791175    0.000000]
6.800000    [1.000000    0.628319]    [0.702393    -0.668714    0.000000]
6.800000    [1.000000    0.628319]    [0.702393    -0.668714    0.000000]
7.000000    [1.000000    0.628319]    [0.702393    -0.668714    0.000000]
7.000000    [1.000000    0.628319]    [0.702393    -0.668714    0.000000]
7.900000    [1.000000    0.628319]    [1.031524    -0.926638    0.000000]
7.900000    [1.000000    0.628319]    [1.031524    -0.926638    0.000000]
7.900000    [1.000000    0.628319]    [1.031524    -0.926638    0.000000]
7.900000    [1.000000    0.628319]    [1.031524    -0.926638    0.000000]
7.900000    [1.000000    0.628319]    [1.031524    -0.926638    0.000000]
7.900000    [1.000000    0.628319]    [1.031524    -0.926638    0.000000]
7.900000    [1.000000    0.628319]    [1.031524    -0.926638    0.000000]
7.900000    [1.000000    0.628319]    [1.031524    -0.926638    0.000000]
7.900000    [1.000000    0.628319]    [1.031524    -0.926638    0.000000]
8.100000    [1.000000    0.628319]    [0.702393    -0.668714    0.000000]
8.100000    [1.000000    0.628319]    [0.702393    -0.668714    0.000000]
8.600000    [1.000000    0.628319]    [1.031524    -0.926638    0.000000]
8.600000    [1.000000    0.628319]    [1.031524    -0.926638    0.000000]
8.600000    [1.000000    0.628319]    [1.031524    -0.926638    0.000000]
8.600000    [1.000000    0.628319]    [1.031524    -0.926638    0.000000]
8.600000    [1.000000    0.628319]    [1.031524    -0.926638    0.000000]
9.100000    [1.000000    0.628319]    [1.031524    -0.926638    0.000000]
9.100000    [1.000000    0.628319]    [1.031524    -0.926638    0.000000]
9.100000    [1.000000    0.628319]    [1.031524    -0.926638    0.000000]
9.100000    [1.000000    0.628319]    [1.031524    -0.926638    0.000000]
9.100000    [1.000000    0.628319]    [1.031524    -0.926638    0.000000]
9.300000    [1.000000    0.628319]    [0.702393    -0.668714    0.000000]
9.300000    [1.000000    0.628319]    [0.702393    -0.668714    0.000000]
9.600000    [1.000000    0.628319]    [1.114819    -0.983117    0.000000]
9.600000    [1.000000    0.628319]    [1.114819    -0.983117    0.000000]
9.600000    [1.000000    0.628319]    [1.114819    -0.983117    0.000000]
10.100000    [1.000000    -0.628319]    [1.031524    -0.926638    0.000000]
10.100000    [1.000000    -0.628319]    [1.031524    -0.926638    0.000000]
10.100000    [1.000000    -0.628319]    [1.031524    -0.926638    0.000000]
10.100000    [1.000000    -0.628319]    [1.031524    -0.926638    0.000000]
10.100000    [1.000000    -0.628319]    [1.031524    -0.926638    0.000000]
10.500000    [1.000000    -0.628319]    [0.850577    -0.791175    0.000000]
10.500000    [1.000000    -0.628319]    [0.850577    -0.791175    0.000000]
10.500000    [1.000000    -0.628319]    [0.850577    -0.791175    0.000000]
10.500000    [1.000000    -0.628319]    [0.850577    -0.791175    0.000000]
10.700000    [1.000000    -0.628319]    [0.702393    -0.668714    0.000000]
10.700000    [1.000000    -0.628319]    [0.702393    -0.668714    0.000000]
10.900000    [1.000000    -0.628319]    [0.702393    -0.668714    0.000000]
10.900000    [1.000000    -0.628319]    [0.702393    -0.668714    0.000000]
11.100000    [1.000000    -0.628319]    [0.702393    -0.668714    0.000000]
11.100000    [1.000000    -0.628319]    [0.702393    -0.668714    0.000000]
11.500000    [1.000000    -0.628319]    [0.850577    -0.791175    0.000000]
11.500000    [1.000000    -0.628319]    [0.850577    -0.791175    0.000000]
11.500000    [1.000000    -0.628319]    [0.850577    -0.791175    0.000000]
11.500000    [1.000000    -0.628319]    [0.850577    -0.791175    0.000000]
11.700000    [1.000000    -0.628319]    [0.702393    -0.668714    0.000000]
11.700000    [1.000000    -0.628319]    [0.702393    -0.668714    0.000000]
11.900000    [1.000000    -0.628319]    [0.702393    -0.668714    0.000000]
11.900000    [1.000000    -0.628319]    [0.702393    -0.668714    0.000000]
12.300000    [1.000000    -0.628319]    [0.850577    -0.791175    0.000000]
12.300000    [1.000000    -0.628319]    [0.850577    -0.791175    0.000000]
12.300000    [1.000000    -0.628319]    [0.850577    -0.791175    0.000000]
12.300000    [1.000000    -0.628319]    [0.850577    -0.791175    0.000000]
12.500000    [1.000000    -0.628319]    [0.702393    -0.668714    0.000000]
12.500000    [1.000000    -0.628319]    [0.702393    -0.668714    0.000000]
12.700000    [1.000000    -0.628319]    [0.702393    -0.668714    0.000000]
12.700000    [1.000000    -0.628319]    [0.702393    -0.668714    0.000000]
13.100000    [1.000000    -0.628319]    [0.850577    -0.791175    0.000000]
13.100000    [1.000000    -0.628319]    [0.850577    -0.791175    0.000000]
13.100000    [1.000000    -0.628319]    [0.850577    -0.791175    0.000000]
13.100000    [1.000000    -0.628319]    [0.850577    -0.791175    0.000000]
13.300000    [1.000000    -0.628319]    [0.702393    -0.668714    0.000000]
13.300000    [1.000000    -0.628319]    [0.702393    -0.668714    0.000000]
13.400000    [1.000000    -0.628319]    [1.300000    -1.093912    0.000000]
13.800000    [1.000000    -0.628319]    [0.850577    -0.791175    0.000000]
13.800000    [1.000000    -0.628319]    [0.850577    -0.791175    0.000000]
13.800000    [1.000000    -0.628319]    [0.850577    -0.791175    0.000000]
13.800000    [1.000000    -0.628319]    [0.850577    -0.791175    0.000000]
14.000000    [1.000000    -0.628319]    [0.702393    -0.668714    0.000000]
14.000000    [1.000000    -0.628319]    [0.702393    -0.668714    0.000000]
14.200000    [1.000000    -0.628319]    [0.702393    -0.668714    0.000000]
14.200000    [1.000000    -0.628319]    [0.702393    -0.668714    0.000000]
14.600000    [1.000000    -0.628319]    [0.850577    -0.791175    0.000000]
14.600000    [1.000000    -0.628319]    [0.850577    -0.791175    0.000000]
14.600000    [1.000000    -0.628319]    [0.850577    -0.791175    0.000000]
14.600000    [1.000000    -0.628319]    [0.850577    -0.791175    0.000000]
14.800000    [1.000000    -0.628319]    [0.702393    -0.668714    0.000000]
14.800000    [1.000000    -0.628319]    [0.702393    -0.668714    0.000000]
15.000000    [1.000000    -0.628319]    [0.702393    -0.668714    0.000000]
15.000000    [1.000000    -0.628319]    [0.702393    -0.668714    0.000000]
15.200000    [1.000000    -0.628319]    [0.702393    -0.668714    0.000000]
15.200000    [1.000000    -0.628319]    [0.702393    -0.668714    0.000000]
15.600000    [1.000000    -0.628319]    [0.850577    -0.791175    0.000000]
15.600000    [1.000000    -0.628319]    [0.850577    -0.791175    0.000000]
15.600000    [1.000000    -0.628319]    [0.850577    -0.791175    0.000000]
15.600000    [1.000000    -0.628319]    [0.850577    -0.791175    0.000000]
15.800000    [1.000000    -0.628319]    [0.702393    -0.668714    0.000000]
15.800000    [1.000000    -0.628319]    [0.702393    -0.668714    0.000000]
16.000000    [1.000000    -0.628319]    [0.702393    -0.668714    0.000000]
16.000000    [1.000000    -0.628319]    [0.702393    -0.668714    0.000000]
16.500000    [1.000000    -0.628319]    [1.031524    -0.926638    0.000000]
16.500000    [1.000000    -0.628319]    [1.031524    -0.926638    0.000000]
16.500000    [1.000000    -0.628319]    [1.031524    -0.926638    0.000000]
16.500000    [1.000000    -0.628319]    [1.031524    -0.926638    0.000000]
16.500000    [1.000000    -0.628319]    [1.031524    -0.926638    0.000000]
16.900000    [1.000000    -0.628319]    [0.850577    -0.791175    0.000000]
16.900000    [1.000000    -0.628319]    [0.850577    -0.791175    0.000000]
16.900000    [1.000000    -0.628319]    [0.850577    -0.791175    0.000000]
16.900000    [1.000000    -0.628319]    [0.850577    -0.791175    0.000000]
17.100000    [1.000000    -0.628319]    [0.702393    -0.668714    0.000000]
17.100000    [1.000000    -0.628319]    [0.702393    -0.668714    0.000000]
17.300000    [1.000000    -0.628319]    [0.702393    -0.668714    0.000000]
17.300000    [1.000000    -0.628319]    [0.702393    -0.668714    0.000000]
17.400000    [1.000000    -0.628319]    [1.300000    -1.093912    0.000000]
17.600000    [1.000000    -0.628319]    [1.114819    -0.983117    0.000000]
17.600000    [1.000000    -0.628319]    [1.114819    -0.983117    0.000000]
18.100000    [1.000000    -0.628319]    [1.031524    -0.926638    0.000000]
18.100000    [1.000000    -0.628319]    [1.031524    -0.926638    0.000000]
18.100000    [1.000000    -0.628319]    [1.031524    -0.926638    0.000000]
18.100000    [1.000000    -0.628319]    [1.031524    -0.926638    0.000000]
18.100000    [1.000000    -0.628319]    [1.031524    -0.926638    0.000000]
18.500000    [1.000000    -0.628319]    [0.850577    -0.791175    0.000000]
18.500000    [1.000000    -0.628319]    [0.850577    -0.791175    0.000000]
18.500000    [1.000000    -0.628319]    [0.850577    -0.791175    0.000000]
18.500000    [1.000000    -0.628319]    [0.850577    -0.791175    0.000000]
18.700000    [1.000000    -0.628319]    [0.702393    -0.668714    0.000000]
18.700000    [1.000000    -0.628319]    [0.702393    -0.668714    0.000000]
18.900000    [1.000000    -0.628319]    [0.702393    -0.668714    0.000000]
18.900000    [1.000000    -0.628319]    [0.702393    -0.668714    0.000000]
19.300000    [1.000000    -0.628319]    [0.850577    -0.791175    0.000000]
19.300000    [1.000000    -0.628319]    [0.850577    -0.791175    0.000000]
19.300000    [1.000000    -0.628319]    [0.850577    -0.791175    0.000000]
19.300000    [1.000000    -0.628319]    [0.850577    -0.791175    0.000000]
19.500000    [1.000000    -0.628319]    [0.702393    -0.668714    0.000000]
19.500000    [1.000000    -0.628319]    [0.702393    -0.668714    0.000000]
19.900000    [1.000000    -0.628319]    [0.850577    -0.791175    0.000000]
19.900000    [1.000000    -0.628319]    [0.850577    -0.791175    0.000000]
19.900000    [1.000000    -0.628319]    [0.850577    -0.791175    0.000000]
19.900000    [1.000000    -0.628319]    [0.850577    -0.791175    0.000000]
19.900000    [1.000000    -0.628319]    [0.850577    -0.791175    0.000000]
